Test:
18
83 125 0 -60 -59 0 -138 0 20 0 0 108 158 0 0 0 0 -159
Program output:
83 125 -159 -60 -59 -159 -138 -159 20 -159 -159 108 158 -159 -159 -159 -159 -159
Correct!

Test:
16
152 -39 109 0 0 32 0 0 103 -93 0 0 -263 0 0 115
Program output:
152 -39 109 -263 -263 32 -263 -263 103 -93 -263 -263 -263 -263 -263 115
Correct!

Test:
20
110 0 0 0 52 0 0 79 0 0 -73 0 0 0 7 146 -1 -11 132 -234
Program output:
110 -234 -234 -234 52 -234 -234 79 -234 -234 -73 -234 -234 -234 7 146 -1 -11 132 -234
Correct!

Test:
32
-98 0 50 0 0 98 0 164 31 -34 0 -192 61 0 26 0 0 -78 0 0 0 0 -84 0 76 0 0 43 55 0 -151 135
Program output:
-98 -192 50 -192 -192 98 -192 164 31 -34 -192 -192 61 -192 26 -192 -192 -78 -192 -192 -192 -192 -84 -192 76 -192 -192 43 55 -192 -151 135
Correct!

Test:
22
0 -127 0 34 0 118 35 0 0 0 0 -104 0 92 120 -4 0 281 34 0 0 46
Program output:
-127 -127 -127 34 -127 118 35 -127 -127 -127 -127 -104 -127 92 120 -4 -127 281 34 -127 -127 46
Correct!

Test:
4
0 0 104 -53
Program output:
-53 -53 104 -53
Correct!

Test:
2
0 -14
Program output:
-14 -14
Correct!

Test:
28
-35 0 -115 0 57 196 -33 0 0 173 0 0 0 0 0 -211 129 -25 0 -127 20 112 -18 10 0 0 0 0
Program output:
-35 -211 -115 -211 57 196 -33 -211 -211 173 -211 -211 -211 -211 -211 -211 129 -25 -211 -127 20 112 -18 10 -211 -211 -211 -211
Correct!

Test:
26
0 0 0 -44 0 -15 0 -15 -189 -60 0 23 0 -109 9 0 -107 0 145 0 93 0 -74 -96 0 0
Program output:
-189 -189 -189 -44 -189 -15 -189 -15 -189 -60 -189 23 -189 -109 9 -189 -107 -189 145 -189 93 -189 -74 -96 -189 -189
Correct!

Test:
22
188 0 -120 -128 0 0 -81 0 0 -177 71 0 0 -25 -136 89 150 0 -40 0 0 0
Program output:
188 -177 -120 -128 -177 -177 -81 -177 -177 -177 71 -177 -177 -25 -136 89 150 -177 -40 -177 -177 -177
Correct!

